loc,length,bug type,approach,reachable,constraint
88,5,Timestamp-Dependency,code snippet injection,1,2
